Berechnungszeit:    0.000000 s
Berechnungsmethode: Jacobi
Interlines:         0
Stoerfunktion:      f(x,y)=0
Terminierung:       Anzahl der Iterationen
Anzahl Iterationen: 82
Norm des Fehlers:   9.469747e-05
Matrix:
 1.0000 0.8750 0.7500 0.6250 0.5000 0.3750 0.2500 0.1250 0.0000
 0.8750 0.7811 0.6872 0.5933 0.4995 0.4058 0.3122 0.2186 0.1250
 0.7500 0.6872 0.6244 0.5617 0.4992 0.4367 0.3744 0.3122 0.2500
 0.6250 0.5933 0.5617 0.5302 0.4989 0.4677 0.4367 0.4058 0.3750
 0.5000 0.4995 0.4992 0.4989 0.4988 0.4989 0.4992 0.4995 0.5000
 0.3750 0.4058 0.4367 0.4677 0.4989 0.5302 0.5617 0.5933 0.6250
 0.2500 0.3122 0.3744 0.4367 0.4992 0.5617 0.6244 0.6872 0.7500
 0.1250 0.2186 0.3122 0.4058 0.4995 0.5933 0.6872 0.7811 0.8750
 0.0000 0.1250 0.2500 0.3750 0.5000 0.6250 0.7500 0.8750 1.0000
