Berechnungszeit:    0.000000 s
Berechnungsmethode: Gauss-Seidel
Interlines:         0
Stoerfunktion:      f(x,y)=0
Terminierung:       Hinreichende Genaugkeit
Anzahl Iterationen: 50
Norm des Fehlers:   9.109010e-05
Matrix:
 2.0000 1.8750 1.7500 1.6250 1.5000 1.3750 1.2500 1.1250 1.0000
 1.8750 1.7499 1.6248 1.4997 1.3747 1.2498 1.1248 0.9999 0.8750
 1.7500 1.6248 1.4996 1.3746 1.2496 1.1246 0.9997 0.8749 0.7500
 1.6250 1.4997 1.3746 1.2495 1.1245 0.9995 0.8747 0.7498 0.6250
 1.5000 1.3747 1.2496 1.1245 0.9995 0.8745 0.7497 0.6248 0.5000
 1.3750 1.2498 1.1246 0.9995 0.8745 0.7496 0.6247 0.4999 0.3750
 1.2500 1.1248 0.9997 0.8747 0.7497 0.6247 0.4998 0.3749 0.2500
 1.1250 0.9999 0.8749 0.7498 0.6248 0.4999 0.3749 0.2500 0.1250
 1.0000 0.8750 0.7500 0.6250 0.5000 0.3750 0.2500 0.1250 0.0000
