Berechnungszeit:    0.000000 s
Berechnungsmethode: Gauss-Seidel
Interlines:         0
Stoerfunktion:      f(x,y)=2pi^2*sin(pi*x)sin(pi*y)
Terminierung:       Hinreichende Genaugkeit
Anzahl Iterationen: 48
Norm des Fehlers:   9.154544e-05
Matrix:
 0.0000 0.0000 0.0000 0.0000 0.0000 0.0000 0.0000 0.0000 0.0000
 0.0000 0.1482 0.2739 0.3579 0.3874 0.3579 0.2739 0.1483 0.0000
 0.0000 0.2739 0.5061 0.6613 0.7158 0.6614 0.5062 0.2740 0.0000
 0.0000 0.3579 0.6613 0.8641 0.9353 0.8642 0.6614 0.3580 0.0000
 0.0000 0.3874 0.7158 0.9353 1.0124 0.9354 0.7159 0.3875 0.0000
 0.0000 0.3579 0.6614 0.8642 0.9354 0.8642 0.6615 0.3580 0.0000
 0.0000 0.2739 0.5062 0.6614 0.7159 0.6615 0.5063 0.2740 0.0000
 0.0000 0.1483 0.2740 0.3580 0.3875 0.3580 0.2740 0.1483 0.0000
 0.0000 0.0000 0.0000 0.0000 0.0000 0.0000 0.0000 0.0000 0.0000
