Berechnungszeit:    0.000000 s
Berechnungsmethode: Jacobi
Interlines:         0
Stoerfunktion:      f(x,y)=0
Terminierung:       Hinreichende Genaugkeit
Anzahl Iterationen: 92
Norm des Fehlers:   8.580728e-05
Matrix:
 2.0000 1.8750 1.7500 1.6250 1.5000 1.3750 1.2500 1.1250 1.0000
 1.8750 1.7498 1.6247 1.4996 1.3746 1.2496 1.1247 0.9998 0.8750
 1.7500 1.6247 1.4995 1.3743 1.2492 1.1243 0.9995 0.8747 0.7500
 1.6250 1.4996 1.3743 1.2491 1.1240 0.9991 0.8743 0.7496 0.6250
 1.5000 1.3746 1.2492 1.1240 0.9989 0.8740 0.7492 0.6246 0.5000
 1.3750 1.2496 1.1243 0.9991 0.8740 0.7491 0.6243 0.4996 0.3750
 1.2500 1.1247 0.9995 0.8743 0.7492 0.6243 0.4995 0.3747 0.2500
 1.1250 0.9998 0.8747 0.7496 0.6246 0.4996 0.3747 0.2498 0.1250
 1.0000 0.8750 0.7500 0.6250 0.5000 0.3750 0.2500 0.1250 0.0000
