./partdiff 5 2 64 1 2 10240

Berechnungszeit:    4.437226 s
Speicherbedarf:     4.141861 MiB
Berechnungsmethode: Jacobi
Interlines:         64
Stoerfunktion:      f(x,y) = 0
Terminierung:       Anzahl der Iterationen
Anzahl Iterationen: 10240
Norm des Fehlers:   6.267910e-05

Matrix:
 2.0000 1.8750 1.7500 1.6250 1.5000 1.3750 1.2500 1.1250 1.0000
 1.8750 1.0993 0.7159 0.5984 0.5460 0.5033 0.4900 0.5951 0.8750
 1.7500 0.7159 0.2328 0.1229 0.1045 0.0996 0.1337 0.3255 0.7500
 1.6250 0.5984 0.1229 0.0208 0.0103 0.0128 0.0509 0.2322 0.6250
 1.5000 0.5460 0.1045 0.0103 0.0011 0.0037 0.0350 0.1821 0.5000
 1.3750 0.5033 0.0996 0.0128 0.0037 0.0048 0.0276 0.1372 0.3750
 1.2500 0.4900 0.1337 0.0509 0.0350 0.0276 0.0346 0.0996 0.2500
 1.1250 0.5951 0.3255 0.2322 0.1821 0.1372 0.0996 0.0909 0.1250
 1.0000 0.8750 0.7500 0.6250 0.5000 0.3750 0.2500 0.1250 0.0000



./partdiff 5 2 64 2 2 10240

Berechnungszeit:    62.179669 s
Speicherbedarf:     4.141861 MiB
Berechnungsmethode: Jacobi
Interlines:         64
Stoerfunktion:      f(x,y) = 2pi^2*sin(pi*x)sin(pi*y)
Terminierung:       Anzahl der Iterationen
Anzahl Iterationen: 10240
Norm des Fehlers:   1.513943e-05

Matrix:
 0.0000 0.0000 0.0000 0.0000 0.0000 0.0000 0.0000 0.0000 0.0000
 0.0000 0.0250 0.0461 0.0603 0.0652 0.0603 0.0461 0.0250 0.0000
 0.0000 0.0461 0.0852 0.1114 0.1205 0.1114 0.0852 0.0461 0.0000
 0.0000 0.0603 0.1114 0.1455 0.1575 0.1455 0.1114 0.0603 0.0000
 0.0000 0.0652 0.1205 0.1575 0.1705 0.1575 0.1205 0.0652 0.0000
 0.0000 0.0603 0.1114 0.1455 0.1575 0.1455 0.1114 0.0603 0.0000
 0.0000 0.0461 0.0852 0.1114 0.1205 0.1114 0.0852 0.0461 0.0000
 0.0000 0.0250 0.0461 0.0603 0.0652 0.0603 0.0461 0.0250 0.0000
 0.0000 0.0000 0.0000 0.0000 0.0000 0.0000 0.0000 0.0000 0.0000



./partdiff 5 1 64 2 2 10240

Berechnungszeit:    68.108858 s
Speicherbedarf:     2.070930 MiB
Berechnungsmethode: Gauß-Seidel
Interlines:         64
Stoerfunktion:      f(x,y) = 2pi^2*sin(pi*x)sin(pi*y)
Terminierung:       Anzahl der Iterationen
Anzahl Iterationen: 10240
Norm des Fehlers:   2.511767e-05

Matrix:
 0.0000 0.0000 0.0000 0.0000 0.0000 0.0000 0.0000 0.0000 0.0000
 0.0000 0.0453 0.0839 0.1097 0.1189 0.1099 0.0842 0.0457 0.0000
 0.0000 0.0839 0.1552 0.2031 0.2200 0.2035 0.1559 0.0845 0.0000
 0.0000 0.1097 0.2031 0.2657 0.2878 0.2662 0.2040 0.1106 0.0000
 0.0000 0.1189 0.2200 0.2878 0.3119 0.2884 0.2210 0.1198 0.0000
 0.0000 0.1099 0.2035 0.2662 0.2884 0.2667 0.2044 0.1108 0.0000
 0.0000 0.0842 0.1559 0.2040 0.2210 0.2044 0.1566 0.0849 0.0000
 0.0000 0.0457 0.0845 0.1106 0.1198 0.1108 0.0849 0.0460 0.0000
 0.0000 0.0000 0.0000 0.0000 0.0000 0.0000 0.0000 0.0000 0.0000



./partdiff 5 1 64 1 2 10240

Berechnungszeit:    19.806113 s
Speicherbedarf:     2.070930 MiB
Berechnungsmethode: Gauß-Seidel
Interlines:         64
Stoerfunktion:      f(x,y) = 0
Terminierung:       Anzahl der Iterationen
Anzahl Iterationen: 10240
Norm des Fehlers:   5.916837e-05

Matrix:
 2.0000 1.8750 1.7500 1.6250 1.5000 1.3750 1.2500 1.1250 1.0000
 1.8750 1.4103 1.0781 0.8931 0.7943 0.7368 0.7218 0.7707 0.8750
 1.7500 1.0781 0.6202 0.4004 0.3204 0.3067 0.3596 0.5117 0.7500
 1.6250 0.8931 0.4004 0.1744 0.1051 0.1088 0.1823 0.3589 0.6250
 1.5000 0.7943 0.3204 0.1051 0.0414 0.0465 0.1129 0.2680 0.5000
 1.3750 0.7368 0.3067 0.1088 0.0465 0.0437 0.0893 0.2028 0.3750
 1.2500 0.7218 0.3596 0.1823 0.1129 0.0893 0.0994 0.1551 0.2500
 1.1250 0.7707 0.5117 0.3589 0.2680 0.2028 0.1551 0.1303 0.1250
 1.0000 0.8750 0.7500 0.6250 0.5000 0.3750 0.2500 0.1250 0.0000



./partdiff-seq 5 2 64 1 1 10240

 Berechnungszeit:    0.000461 s
Berechnungsmethode: Jacobi
Interlines:         64
Stoerfunktion:      f(x,y)=0
Terminierung:       Hinreichende Genaugkeit
Anzahl Iterationen: 1
Norm des Fehlers:   9.990385e-01
Matrix:
 2.0000 1.8750 1.7500 1.6250 1.5000 1.3750 1.2500 1.1250 1.0000
 1.8750 0.0000 0.0000 0.0000 0.0000 0.0000 0.0000 0.0000 0.8750
 1.7500 0.0000 0.0000 0.0000 0.0000 0.0000 0.0000 0.0000 0.7500
 1.6250 0.0000 0.0000 0.0000 0.0000 0.0000 0.0000 0.0000 0.6250
 1.5000 0.0000 0.0000 0.0000 0.0000 0.0000 0.0000 0.0000 0.5000
 1.3750 0.0000 0.0000 0.0000 0.0000 0.0000 0.0000 0.0000 0.3750
 1.2500 0.0000 0.0000 0.0000 0.0000 0.0000 0.0000 0.0000 0.2500
 1.1250 0.0000 0.0000 0.0000 0.0000 0.0000 0.0000 0.0000 0.1250
 1.0000 0.8750 0.7500 0.6250 0.5000 0.3750 0.2500 0.1250 0.0000



./partdiff-seq 5 1 64 1 1 10240

 Berechnungszeit:    0.002284 s
Berechnungsmethode: Gauss-Seidel
Interlines:         64
Stoerfunktion:      f(x,y)=0
Terminierung:       Hinreichende Genaugkeit
Anzahl Iterationen: 1
Norm des Fehlers:   9.990385e-01
Matrix:
 2.0000 1.8750 1.7500 1.6250 1.5000 1.3750 1.2500 1.1250 1.0000
 1.8750 0.0000 0.0000 0.0000 0.0000 0.0000 0.0000 0.0000 0.8750
 1.7500 0.0000 0.0000 0.0000 0.0000 0.0000 0.0000 0.0000 0.7500
 1.6250 0.0000 0.0000 0.0000 0.0000 0.0000 0.0000 0.0000 0.6250
 1.5000 0.0000 0.0000 0.0000 0.0000 0.0000 0.0000 0.0000 0.5000
 1.3750 0.0000 0.0000 0.0000 0.0000 0.0000 0.0000 0.0000 0.3750
 1.2500 0.0000 0.0000 0.0000 0.0000 0.0000 0.0000 0.0000 0.2500
 1.1250 0.0000 0.0000 0.0000 0.0000 0.0000 0.0000 0.0000 0.1250
 1.0000 0.8750 0.7500 0.6250 0.5000 0.3750 0.2500 0.1250 0.0000

 